Orbital Period (days),Eccentricity,BH mass (Msun),Companion mass (Msun),Age (Myr)
1599033.833395,0.698349,7.958760,0.697810,1272.287097
33523.460921,0.580720,17.832946,0.532227,9072.179632
712892.821964,0.503463,7.940782,1.793610,1532.234643
708224.548358,0.541506,8.077861,1.046582,6439.342294
76569.023226,0.249224,7.543244,1.005413,5418.538959
1249282.911096,0.600967,7.782395,0.338950,4193.916340
232436.204759,0.726911,7.919901,0.478713,8208.895280
690301.980200,0.367030,7.639022,0.886600,5150.322040
10184747.303239,0.818467,8.364085,0.160555,2025.650335
148093.616673,0.468946,18.679716,0.756976,6784.573265
1010969.392418,0.554011,7.962879,0.923606,6214.957566
1.085277,0.000000,8.532233,0.974737,7118.068682
2935806.200092,0.282384,7.847978,0.740203,3441.807730
2882799.493669,0.767657,19.272100,0.846558,10854.797917
459915.571211,0.687627,7.762885,0.980757,1016.191815
1005968.186666,0.674321,8.237975,1.372128,916.561450
3589410.951411,0.836701,7.453407,1.249341,3640.702049
10588261.633442,0.954424,7.554141,0.460199,219.436549
27128.554897,0.185103,31.926326,0.170342,6869.717175
64302.680159,0.302968,7.584516,1.043985,7566.521564
1378655.523172,0.250643,7.332226,0.091644,6319.892889
150215.577920,0.301404,8.075520,0.893841,4797.725801
838342.878069,0.455517,8.453964,0.495053,8018.941272
544764.028072,0.475245,7.572955,0.259122,4687.047983
3552786.981298,0.501605,17.752555,0.192294,10645.026577
1151698.695976,0.334623,7.677189,0.088854,6738.344716
10927620.308785,0.695963,7.676536,0.571433,3457.916172
223951.655224,0.624442,7.426119,0.462715,7445.895411
2321556.025693,0.724665,8.577015,0.968246,6566.042628
1173451.401548,0.600778,7.933783,0.513064,2039.872691
517060.814936,0.236479,16.657513,0.599668,10702.506618
106445.367682,0.402705,7.461845,0.531622,5032.152736
191298.118411,0.103760,8.615856,0.501404,8164.810284
435340.188072,0.709683,19.410681,0.770472,10153.370210
2652375.418982,0.447547,7.337344,0.402039,5394.789945
10313397.485005,0.815066,7.560625,0.699992,881.118346
2287197.541323,0.568773,7.603848,0.967133,2531.552375
5763574.227378,0.892389,7.664724,0.108352,7288.928016
1168092.818122,0.665833,7.591162,0.749104,4731.279985
387142.084099,0.495128,12.539016,0.913934,8318.880323
2891407.331229,0.894078,8.188855,0.447206,7692.123881
2129566.947055,0.583381,8.681803,0.313430,7469.362566
5684530.620894,0.591562,7.763517,3.283656,302.838431
4024362.075751,0.915445,7.683673,0.621367,5154.766556
13941826.512210,0.825944,7.601885,0.357045,3075.900340
1197212.317560,0.629117,7.808617,0.952530,6549.680943
2147500.401094,0.219742,8.019753,0.222874,8559.856712
363563.175277,0.082734,18.324579,0.678939,10815.162451
669251.129509,0.806915,7.678059,0.416568,6139.105951
14197004.133124,0.567291,7.984590,0.469115,3892.810300
27933.666856,0.120511,7.946553,0.763495,7980.274703
5824514.112318,0.172950,7.522696,0.429917,4721.661033
874273.236633,0.614291,8.252034,1.089969,2632.699456
2208836.159507,0.936780,12.172442,0.845087,9363.601002
580685.334366,0.544069,18.515428,0.647937,8336.305083
5412123.630460,0.441899,7.384824,1.005064,614.553973
2.134512,0.114739,13.367764,0.209240,12554.480245
205365.203274,0.733887,8.684540,0.701010,5831.522350
1408766.644758,0.796897,8.093526,0.263351,1690.040840
1255437.521676,0.244026,20.246918,1.013504,7770.604429
27291.875591,0.685846,17.248351,0.182760,9248.342645
12755700.654660,0.324264,8.527946,0.717847,863.651456
5933043.198958,0.474659,8.191544,0.278226,5705.789808
119576.002690,0.341580,7.726245,0.152781,6075.228565
6655515.010975,0.932402,7.941343,0.087963,425.815839
6142827.293168,0.117335,7.330349,1.139075,2874.177596
937373.731001,0.961296,17.577672,0.164337,12148.348591
426572.079915,0.172158,18.848004,0.295096,5005.070432
734391.785091,0.699253,7.420259,0.367843,5185.931652
2655126.944878,0.855747,7.705627,0.811351,6050.687729
1773506.739706,0.424112,7.657688,1.245554,1485.074840
4988974.114322,0.912193,7.595262,0.756063,2871.491467
470126.533726,0.760790,17.575810,0.175354,6572.524601
1566562.720507,0.776322,8.285975,0.847130,5547.557856
1667293.107375,0.771361,7.342551,1.715165,257.751640
728650.075912,0.947049,20.422562,0.369585,11789.877700
207660.162234,0.787953,18.457436,0.094871,8822.446140
55796.994943,0.090508,7.769337,1.631540,397.800024
0.119000,0.000000,8.137430,0.039383,8636.170984
414970.954747,0.735584,7.606388,0.333881,4895.952386
744288.883545,0.397702,8.107931,0.495829,5402.149818
1.573014,0.000000,6.490926,0.904123,10347.931459
216955.639900,0.747527,7.571798,0.916501,5921.427576
80081.858898,0.450438,10.927246,0.514139,8137.732220
8699823.491716,0.800278,8.563726,0.201058,6757.992225
1990199.710494,0.543697,8.357827,0.341281,10239.079046
13463.354324,0.553269,16.579041,0.541245,12208.211349
4.548035,0.027115,17.813037,0.546384,8058.341194
1312928.053968,0.813790,7.958578,1.850667,1535.848978
1439843.458460,0.663686,17.681923,0.149103,10190.342142
3023315.380663,0.929506,16.488566,0.977056,9101.813339
4681343.610639,0.633939,7.554301,0.832791,7239.498869
773236.406973,0.506182,12.102146,1.039305,7546.543546
25580.664836,0.181654,10.469090,0.427956,8420.644369
1495955.605660,0.716985,7.338383,1.671426,1689.874701
11600526.796367,0.888950,8.454332,0.142031,3778.146301
43843.710799,0.328136,17.683800,0.593095,8642.164066
18696.493119,0.405703,17.753701,0.632672,11712.126760
10855867.771134,0.731530,7.947370,0.466425,4426.584212
1322065.858261,0.838718,8.141989,0.696944,8439.169655
243782.774002,0.748899,8.331216,1.628105,367.519743
2962265.410480,0.279853,15.972271,0.828105,8878.753215
11161681.932556,0.936980,8.028349,0.195617,6744.961217
2085087.516847,0.538169,7.766804,0.941433,5017.371865
11625390.915256,0.631661,7.482788,0.126463,3744.482008
114969.203463,0.218615,7.743085,0.231750,6032.945822
3233137.009218,0.671628,7.932436,0.193244,2476.619041
14674927.559375,0.372351,7.923637,0.439157,688.326142
3012800.610344,0.775842,7.591632,2.317188,282.377883
159974.132633,0.489823,7.453895,0.185495,4671.378071
0.116864,0.000000,3.229751,0.044458,11169.492852
96722.605109,0.227946,8.152670,0.758379,8461.537538
593570.720461,0.661441,8.574550,0.970677,7186.372363
6931.498217,0.170070,18.098705,0.351269,10631.961240
938362.513968,0.099209,7.446401,0.560233,4903.202219
5124337.349798,0.832027,7.564983,0.527703,8278.396091
602586.822043,0.559220,24.307811,0.841349,10367.985537
1127094.375810,0.854161,7.594170,1.754811,1633.478229
304552.691208,0.239701,8.372715,1.067259,5874.219886
6743886.068356,0.700086,7.592517,0.429386,8841.872628
3775882.903632,0.061252,7.868802,0.243163,1979.332742
4671942.000672,0.489842,8.456319,0.462035,1473.801315
733561.960307,0.709046,14.237889,0.876879,10912.473239
14173197.858516,0.876380,8.003869,0.196140,6380.554389
1454702.738056,0.469687,15.593859,0.717038,10233.171304
1047168.382711,0.832336,8.366061,1.823421,337.516312
406917.494073,0.752705,8.084424,0.566932,2762.618578
143119.454299,0.465814,7.592344,0.222546,6543.312417
49.774017,0.050024,7.727959,2.267293,548.576511
249275.221562,0.518329,7.789885,1.072776,5768.253236
636114.092782,0.826938,12.615639,0.737490,7007.225507
1564851.496564,0.899776,8.019076,0.434133,4551.155588
183996.419979,0.577308,7.230613,0.381818,6442.843012
3969269.674517,0.645902,7.779010,1.265028,2841.197514
46977.114636,0.639765,18.139664,0.663728,11218.492413
1669404.630793,0.681179,19.041012,0.795589,9263.166238
26435033.433408,0.874397,7.770115,0.220530,3012.872774
12466.557796,0.380022,31.400259,0.347569,12958.247647
1287726.215937,0.822572,7.467837,0.920069,3558.459374
240983.289454,0.460905,12.249006,0.536174,10714.490312
1.499483,0.309946,5.825552,0.401249,11182.346198
436244.232170,0.242637,8.157987,1.009947,8231.833635
4394304.136335,0.697684,8.465087,0.788357,5531.561010
2787406.828159,0.659065,8.612592,0.312164,8908.895067
7066126.340465,0.948425,7.423989,0.476481,4681.275506
216416.497685,0.424902,7.771025,0.996237,6560.822869
28537.523675,0.223352,16.683006,0.358361,8069.583853
2732229.717032,0.288060,7.977351,0.934863,6227.150393
8569505.180407,0.631591,7.653948,0.391509,5656.403763
561806.536642,0.771448,21.267861,0.580712,9468.130830
326846.198915,0.110999,17.147433,0.556683,10020.000979
1.918610,0.172473,6.581768,0.426066,10621.569793
5910870.426457,0.830140,7.892434,0.933858,5150.123100
10647588.744056,0.864291,7.421926,0.218219,5227.137310
1139628.007560,0.284124,7.510589,0.541556,2892.295450
7934209.412214,0.827551,7.385279,1.458149,1138.445611
385991.736335,0.846395,8.915994,0.540675,6592.296100
1177616.631930,0.750909,22.361280,0.809448,9791.161100
170514.086814,0.730799,21.841897,0.155608,11615.895599
2680642.659877,0.850184,7.723069,1.408717,864.862244
71316.231842,0.825186,14.873713,0.114914,10783.305923
437331.881520,0.544160,7.676462,1.746689,1226.475404
2.112081,0.537101,8.372981,0.630196,12181.955367
373841.650010,0.631747,7.935592,1.275542,4887.374672
114540.219188,0.197689,7.362875,1.121384,2250.543990
221353.590372,0.700043,12.688506,0.569542,8773.851659
3889110.901307,0.663041,7.944342,0.482030,2038.894828
2160476.301453,0.696718,7.500932,0.865623,4973.034392
2032688.858723,0.833676,7.788655,0.481463,1780.347130
855626.845070,0.895408,7.463084,0.087612,5579.226488
158912.725047,0.334409,14.193333,0.221549,9821.419949
89854.551011,0.407647,7.980555,0.112720,6383.423604
243866.985695,0.728662,21.119561,0.327298,10646.140101
1328345.260303,0.706762,15.940960,0.429040,6577.451743
1016276.618485,0.615123,7.625628,0.767891,7447.886982
593757.518710,0.566574,8.078191,0.336802,4521.529149
0.740458,0.292548,7.078341,0.434560,9277.327542
2085945.066239,0.516914,7.733860,0.802128,6027.092852
295409.499266,0.280210,11.749352,0.597165,8815.316925
21370.887483,0.277746,12.770651,0.915490,10128.756870
328287.978279,0.667982,7.511667,0.840713,6083.484557
968242.358357,0.790725,11.064174,0.353183,8396.225412
73167.904988,0.129151,8.143535,1.016520,4011.775135
5489007.639125,0.388430,7.364597,0.262044,4635.241331
1792317.904205,0.146684,7.786051,0.168561,45.141341
14136.976241,0.125548,13.028521,0.130489,6333.067964
2546744.880137,0.299198,18.148769,0.134992,10256.262309
3475938.055098,0.696665,8.095242,1.308224,4023.055498
1003466.018391,0.714954,7.938823,0.902097,5588.255365
2658914.927163,0.803222,16.834986,0.510146,8609.004587
44538.451043,0.801969,15.352769,0.736665,9836.303725
1171437.686181,0.860755,8.203275,0.735146,7054.878663
4978919.135621,0.853954,7.903360,1.537996,1791.597368
422895.764458,0.303448,15.245359,0.594402,11540.845316
4093765.588061,0.209325,7.722810,0.143373,1535.567587
214384.048848,0.736945,12.578996,0.885774,9043.379825
83979.684387,0.469292,8.310409,0.698873,7124.797259
976715.519421,0.592297,11.986079,0.824688,8806.043918
1864784.493701,0.905659,12.088155,0.402798,6982.839119
55991.008312,0.766530,18.200974,0.875720,10132.014209
5465297.987350,0.757736,8.372928,0.860572,8002.656308
264658.137837,0.506131,7.428356,0.963230,8493.388517
1185503.245957,0.615798,8.238160,0.394093,5764.411967
103571.028080,0.338907,8.474772,0.645752,8539.396976
2787330.046665,0.787756,8.361871,0.330725,5226.165801
1296400.581316,0.127691,7.307007,0.604883,7921.647659
886046.241712,0.560131,8.486776,0.994476,3881.286461
3621447.255998,0.273236,8.277178,0.812159,8532.933260
494894.287389,0.669734,8.032490,0.786879,4668.975599
7.983039,0.056065,8.102413,0.738700,5896.800747
4314386.395502,0.557982,8.324730,0.862806,8517.682535
8120011.136279,0.311039,7.473689,1.344464,1177.430231
1914918.553291,0.776391,7.797193,0.135607,4132.453239
652407.194631,0.758434,25.528232,0.547664,9217.108501
3.707271,0.666786,7.926845,0.463969,6704.849120
1851609.894388,0.801903,24.850242,0.492981,7745.344824
500457.873643,0.146884,8.146609,0.774169,898.484917
1598028.998680,0.149762,7.461172,0.204816,708.060835
136851.663866,0.471030,16.743676,0.906038,8479.883732
423530.054489,0.448740,8.659825,1.188753,2332.195397
1689342.144339,0.666172,7.628165,0.902585,2547.639721
1001635.674661,0.850220,7.511155,1.203721,2434.117162
4119479.093139,0.117398,7.606446,1.108388,5226.664105
4437575.075888,0.884275,7.503674,0.825803,3821.193050
2904695.545193,0.665574,7.380977,0.080341,5595.546794
2289112.170701,0.870324,11.131806,0.794958,8563.418686
132810.916823,0.650055,8.157191,0.877907,8571.228883
1083442.313330,0.659194,7.336518,1.113262,6963.346656
173183.656440,0.627774,17.850989,0.513177,9369.035332
696404.146124,0.079405,7.863657,0.201656,6523.568085
323309.465566,0.620472,11.466423,0.536906,5808.853099
1225824.499142,0.890350,10.133247,0.271327,8970.492447
218231.851845,0.222782,7.776529,0.818843,4119.794020
1631785.217334,0.787043,9.903592,0.930749,8262.332692
2813307.659394,0.519556,7.491283,2.145725,291.778534
312398.074229,0.885286,13.084075,0.418387,9539.078933
1608980.290113,0.413857,12.146095,0.142573,10327.434254
0.197509,0.000000,7.266160,0.026866,11936.200708
4700923.710877,0.679819,7.731087,1.130441,4627.032509
4715867.703254,0.582637,17.532376,1.025452,7927.130047
1801187.158848,0.321979,24.782796,0.164534,11528.253595
739340.880382,0.473787,11.648855,0.500160,9749.153790
988003.689810,0.910685,15.842890,0.799725,11054.956408
230023.026054,0.511372,7.331152,2.111299,353.122624
449079.442273,0.487395,8.102675,0.787822,7606.141538
982298.225697,0.350887,7.344930,1.288307,328.198320
2938486.245255,0.649231,7.350825,1.053902,2820.732034
127029.974187,0.542482,7.421780,0.235387,7503.222745
3117224.763683,0.855425,7.592007,0.261366,2059.141697
1043393.209954,0.193934,8.348206,0.989821,6592.573313
8059782.080783,0.331010,7.590104,1.264942,2438.901662
1800721.074263,0.524157,15.582959,0.207203,8492.459043
922200.392706,0.752419,14.772702,0.399592,12110.269389
603725.319989,0.283995,8.300264,0.430826,8428.102784
258715.242894,0.330091,8.185817,1.468685,3101.690423
197683.940835,0.417008,7.346059,0.552395,5311.423151
14385612.418409,0.798451,7.819246,0.643149,4442.083685
5108252.829383,0.606225,7.817783,0.607883,5933.995253
221889.276806,0.489889,8.184364,0.875402,7628.071006
140274.066895,0.626213,17.691309,0.823362,11566.306441
10044971.922004,0.206490,7.348119,1.544129,2038.604364
1947818.107647,0.560780,7.511631,0.945429,6516.225397
134304.960905,0.118452,7.665003,0.254355,9506.227792
2317415.444753,0.474676,8.508693,1.126592,6372.019610
196771.786602,0.802462,20.316271,0.727749,11752.392916
2322790.450420,0.220007,12.276905,0.230585,8797.473941
4433080.694134,0.799129,7.349109,1.099700,7551.175982
163109.201873,0.587889,8.126804,1.023176,8475.594618
14076688.481385,0.596116,8.225582,0.298319,3757.635308
1581741.425162,0.349107,15.208330,0.469583,9616.012486
297160.309102,0.729007,18.035557,0.396663,10089.141162
6125865.569920,0.837656,8.308268,1.033249,8011.954069
3066561.543753,0.414570,8.088259,0.678667,3682.391100
15567899.688825,0.607250,7.940345,0.666226,4305.319314
3207301.185575,0.724120,7.365298,0.827727,3991.786713
8298.057207,0.551979,13.673415,0.969726,7119.777198
6477522.534010,0.609305,7.734413,0.164757,2409.008718
5457200.988685,0.816529,7.485023,1.792068,1269.599498
64986.781731,0.669422,12.883600,0.444480,7445.368010
794420.177893,0.608948,7.332530,1.750095,836.580158
242531.118710,0.654789,24.488510,0.149031,9227.650883
163499.669807,0.128354,7.517030,0.597350,6223.412997
3013647.231130,0.852767,17.252459,0.392166,3512.532264
4823393.021477,0.365957,8.263760,0.626642,8692.502885
25835.311976,0.315100,13.899971,0.709175,9807.474067
753025.810395,0.386476,7.512307,0.417760,9238.046616
4998244.783107,0.276230,8.217233,0.426579,8240.193010
156675.184829,0.255294,7.926256,0.859039,7491.907305
200603.740261,0.491708,7.491271,1.111814,585.364498
694152.049566,0.487954,14.543403,0.495710,10256.842782
1996565.404048,0.839986,7.344413,0.305964,5434.836848
1521602.244234,0.806646,8.308193,0.940404,8501.240422
4356120.271663,0.379605,7.999032,1.403275,285.452900
13443114.212121,0.757392,7.471318,0.325515,6337.076324
441523.345621,0.380902,15.800249,0.521672,10682.855033
860975.263992,0.591974,8.223928,0.896017,2236.202077
35715.049021,0.069677,7.570954,0.659181,8432.270463
12978920.453629,0.684100,8.473454,1.192345,4228.399676
2035069.375318,0.815992,7.948970,2.455519,489.283506
2836962.567353,0.201217,7.731059,0.509419,5890.078518
1570869.317287,0.796545,7.510585,1.413553,547.499758
17172.885331,0.446290,13.047148,0.660260,9420.279013
303639.474846,0.743991,7.521331,1.008581,8522.364967
2725531.845828,0.785241,7.408596,0.767901,5150.600572
1370328.884572,0.881404,14.199510,0.098637,10008.462918
131600.250563,0.675115,12.780057,0.309859,6680.758266
162992.837751,0.527820,13.381271,0.267961,9099.384440
6647592.200485,0.529422,7.743861,0.091203,597.519965
1619821.648933,0.966384,17.676423,0.634576,9975.777317
7861549.017180,0.791989,8.261594,0.166795,3949.258276
265799.523427,0.586078,10.686359,0.377473,6929.908671
823145.929287,0.660304,19.614094,0.174027,10520.631878
93700.467433,0.228899,16.722365,0.509547,9943.549513
608792.550821,0.607982,7.167129,0.142555,7231.385873
19156.065677,0.154805,19.008972,0.331201,11800.459072
1648646.107211,0.818158,8.080502,1.251830,1991.197184
130265.339443,0.467810,8.094431,0.884078,2582.477305
3113561.176215,0.220313,7.782643,1.205847,5261.199775
167780.784726,0.434189,18.115659,0.333658,11567.759772
7975772.288739,0.834649,7.513155,0.963927,1396.121236
1554572.673981,0.599580,8.186521,0.838117,8750.679786
4338335.813362,0.750291,8.240182,0.914788,6316.862287
269725.203319,0.560664,16.419288,0.501104,10559.238827
312459.928601,0.814602,8.476198,0.637871,8626.548453
421916.221925,0.739046,7.390705,0.546170,5801.769632
23449.131853,0.443722,17.498814,0.667593,10762.636651
2894238.776249,0.837034,7.467465,0.291961,3734.588187
4183237.962020,0.619982,8.149718,0.796935,499.447612
691102.167654,0.715644,7.901618,0.716912,2564.185525
1460627.925139,0.576507,7.328730,1.032428,514.016122
164538.204070,0.224187,18.371879,0.962479,5040.080916
56350.020606,0.758416,14.816245,0.152665,10273.791431
973566.188015,0.378089,16.929623,0.562761,10326.253974
2150322.910261,0.869922,8.101879,0.956433,7736.321125
327913.056539,0.327930,8.595619,1.050177,6643.746263
340464.879154,0.710831,8.073494,0.822349,5285.439884
246279.780377,0.687855,8.361509,17.421529,8.186849
2548358.711817,0.792815,7.940984,1.006869,5298.077457
671184.364017,0.261904,8.093163,1.744181,1397.825937
14310810.638124,0.665797,8.083938,1.860800,1292.523936
4980262.985731,0.576942,8.111158,0.637971,7014.182435
277896.706197,0.693936,7.520918,1.875612,1395.600727
1219546.158781,0.617105,7.764777,0.116598,3735.970520
1154924.263858,0.605990,13.265293,0.810749,8590.491252
667040.465445,0.632386,13.142144,0.862071,9815.217264
1593360.821672,0.905826,17.775456,0.441691,10894.782511
67512.083284,0.148181,7.446254,0.604618,1616.759745
4799745.891188,0.927567,5.976313,0.508919,6921.862249
1.051228,0.000000,8.304298,0.972526,7604.037042
754818.183298,0.764181,8.012441,0.911353,5884.898169
9.852215,0.422044,5.982508,1.008058,5541.326563
1615053.891706,0.630707,8.095254,2.213655,359.334969
0.245314,0.000000,15.145600,0.021528,13267.818863
576864.387778,0.661416,13.108320,0.612505,7576.314825
4121615.222028,0.949556,8.267777,0.479751,8211.155087
542273.511111,0.202684,7.408908,0.812979,541.338745
2494077.749260,0.639706,7.849730,0.235140,8239.739900
2027645.902767,0.406996,7.630444,0.343981,2173.682584
4234454.451602,0.334634,7.806953,0.564040,1559.558721
184828.272691,0.252417,8.413461,0.196628,5895.933127
5520520.947993,0.756910,7.938054,0.805769,4306.126825
743692.091248,0.733546,17.008246,0.754950,10477.218535
140953.021091,0.470366,17.127245,0.374632,2988.367058
0.810300,0.112373,9.915144,0.637511,7294.459446
1378771.739979,0.889271,7.823540,0.295799,8519.786762
1902434.427986,0.640986,8.490404,1.711987,1675.434516
10621663.965126,0.882044,13.907706,0.258256,8764.165386
6210830.295501,0.931711,7.707328,0.080576,539.371359
303472.773489,0.965467,17.790906,0.181932,7970.041901
165745.788158,0.794127,13.365631,0.596173,9741.107762
633159.379204,0.304700,7.936185,8.095415,23.082074
2202737.559956,0.304958,8.084602,0.846261,2613.748900
173822.230771,0.490083,8.156588,0.448966,4240.417486
238932.953215,0.543634,12.921859,0.099271,9669.882585
2088579.960055,0.753896,7.772046,0.261325,5459.806100
39933.813081,0.597556,15.187191,0.925058,8011.945826
264848.151480,0.762544,7.969196,3.692647,70.950842
162146.395470,0.261637,7.980495,0.994032,8608.898170
31136.705819,0.403265,12.860940,1.020637,6408.329785
1023909.288885,0.577082,7.341065,1.145718,4313.216548
9330845.687787,0.727917,8.235379,0.860498,7012.301487
7926704.600802,0.688732,7.356106,0.289272,6612.995337
242071.997819,0.595945,17.344355,0.655055,9998.972966
267829.631960,0.631666,8.270201,0.140126,9744.715521
1734723.508390,0.380623,7.367672,1.288514,4762.872853
3194863.973091,0.735331,7.959746,0.388701,3793.974671
3724120.699803,0.950574,14.896455,0.337301,8486.219775
8191070.221315,0.849916,15.390916,0.117549,7487.632083
622159.898543,0.291662,17.530013,0.692526,8801.885694
3101765.372484,0.728846,8.598046,0.961406,5803.912145
1051737.866909,0.556909,8.249176,0.783969,8626.464862
2450893.054406,0.626156,16.106805,0.633217,10981.581040
398047.270315,0.702568,10.668648,0.800052,8280.817559
4549978.687223,0.412247,7.597663,0.177380,7869.124925
2271786.611458,0.547226,7.761670,0.945934,3483.599584
2218699.689643,0.344549,8.064704,0.922390,7480.239364
669659.761319,0.772440,18.321402,0.445075,8294.028608
1510513.446894,0.270641,7.198601,0.725923,8234.574345
22041319.378827,0.405600,8.365552,0.792996,3482.256360
2758728.038037,0.734829,8.019232,0.691386,189.408415
654989.763770,0.459623,7.861258,0.259189,246.178312
327254.327850,0.606714,12.366686,0.903188,7846.045671
3.122546,0.059730,7.845431,0.497599,4288.269396
248293.228392,0.615796,7.466796,0.885545,1345.578855
841446.389913,0.739973,8.078362,0.096690,6337.994881
698328.826899,0.834489,14.390841,0.804182,8475.644051
3606933.680630,0.323782,7.943519,0.963333,7329.996501
4352493.567337,0.857946,16.881445,0.974690,6763.357558
1119515.241996,0.711965,7.683533,0.165289,4497.077345
4194487.210244,0.763838,8.000399,1.108310,869.695156
1158601.586710,0.508251,7.770629,0.184812,6733.814324
1013021.751947,0.735077,8.260403,1.425733,2611.666905
439504.458711,0.716584,7.423302,0.302539,8061.503908
41114.455164,0.244430,12.733697,0.864497,7720.139091
545653.050656,0.449638,14.804942,0.811082,12044.125269
99174.833562,0.415502,7.451209,0.698016,7239.922412
287372.586153,0.857885,12.900694,0.726241,8866.397611
1206138.750635,0.174948,7.591328,1.101134,5863.440254
205314.351695,0.602936,16.847750,0.458373,5876.255243
2890542.474490,0.203734,7.495807,1.032558,5871.885989
987610.560326,0.270474,7.382099,0.573717,4950.714582
3516067.617274,0.664980,7.381433,0.636043,6831.880770
1123125.499968,0.784329,7.462100,7.423719,41.544851
274980.826476,0.632067,13.183215,0.429411,9347.043605
8508610.744669,0.740051,7.418989,0.808948,743.328887
1398416.324415,0.252835,7.587047,1.470102,245.625802
1887842.052314,0.745395,7.720189,0.732606,4997.229737
3139299.466375,0.736247,22.085136,0.547213,10079.348496
2949385.837529,0.368926,7.825739,0.410113,8196.009077
0.166514,0.000000,3.064114,0.032575,12851.682082
897716.463737,0.733569,8.229950,0.565355,2696.368982
2096697.767453,0.386076,8.375036,0.478173,9416.138935
220515.207795,0.567374,7.498431,0.865798,3210.245796
7032692.279669,0.456027,7.844356,0.159781,7145.476870
720899.879304,0.569325,19.256123,0.792560,10740.209270
522187.051294,0.721687,7.592061,1.447316,2679.422879
73180.161363,0.583133,11.874520,0.971746,8816.228914
2185903.157616,0.286685,11.703072,0.196416,5466.938537
86059.692497,0.052381,10.617237,0.323043,8473.791526
4363266.081010,0.779262,8.314771,0.319907,8270.238000
128410.195306,0.251728,7.814621,0.550201,7729.731824
12614321.389767,0.946632,8.224446,1.052695,3853.279420
1496522.784056,0.881650,12.152142,2.116550,453.193689
25547.288838,0.064047,11.778894,0.564921,7989.750577
3951634.638428,0.397531,7.965237,0.499212,473.184357
30688.172067,0.277337,7.596419,0.100212,7276.293305
7510415.999630,0.773257,7.510585,0.204485,5848.674146
5128319.830790,0.406828,7.676873,1.036430,1599.721176
1275860.123488,0.611975,7.614094,1.108139,6553.184581
199644.466067,0.618457,7.606129,0.826347,4861.723661
1.259887,0.000000,8.637121,0.772101,8047.364618
267939.341206,0.787099,8.273216,2.508377,503.379163
369857.408350,0.620837,15.269751,0.846549,11136.751802
189554.223503,0.221468,7.460137,0.125849,2649.193724
58439.109915,0.322923,7.473857,0.166446,4518.152601
22684.271092,0.685506,19.350075,0.118399,10285.949840
1922614.009789,0.873490,41.396997,0.783375,10305.213682
1586251.813881,0.683325,10.969197,0.590549,7883.359416
17078655.788850,0.774817,8.524907,2.049206,284.800432
3185250.771781,0.550301,7.816228,0.889796,2268.758926
3905352.924060,0.827065,7.590032,0.898801,5199.165568
7516221.480773,0.638034,8.285600,0.497857,8010.390426
40519.062622,0.364916,18.331620,0.250866,9116.411694
4481265.127653,0.672335,15.668331,0.836495,9961.452040
3921470.438713,0.406360,16.028258,0.652298,8457.269006
338995.145986,0.290249,7.760610,0.487680,3050.374245
202464.290556,0.766676,12.025517,0.666426,8007.003871
4724165.368581,0.702886,7.864834,0.667290,2576.774842
530359.262456,0.729778,8.301989,1.020230,5724.490127
848055.126693,0.697121,7.357835,0.533328,4624.774239
606785.899356,0.772017,7.442675,1.944087,627.787577
4672.077680,0.050933,13.467167,0.819469,2562.223748
3247866.015912,0.840411,7.510583,0.704975,1192.688498
2955260.999373,0.943900,7.660067,0.320990,8746.916592
3760050.950993,0.574017,18.725317,0.183921,10556.026211
892169.753327,0.539028,8.181679,1.052307,7266.052444
228456.457139,0.562153,7.676015,1.349293,2315.289388
1556667.376087,0.766331,7.601637,0.753488,735.463890
752061.665408,0.662117,8.667068,0.882028,9371.568827
395810.577423,0.207582,7.342356,0.864991,1327.482399
2419799.601876,0.712499,16.151056,0.086136,9065.662893
622993.144612,0.527482,8.096159,0.967905,8289.868580
1365827.599289,0.445591,10.591927,0.835677,6357.698618
175708.615934,0.293426,8.338237,0.777533,6580.862040
599728.355306,0.352087,8.223902,1.438064,2836.177404
1899976.825058,0.453604,8.005185,1.084894,3890.557921
14447926.168190,0.704100,8.265672,0.507418,1120.974314
2.955728,0.560789,6.168119,0.889823,6509.274745
4006682.509687,0.412109,7.767386,0.776133,5815.682807
1.302282,0.232174,6.296982,0.716497,9127.178782
4400816.317332,0.634781,8.470362,0.498824,251.204814
2490128.097051,0.755348,7.511256,0.866821,2980.470286
13597181.053000,0.658267,8.281263,1.184820,5498.007156
4117159.921820,0.590265,7.385677,0.409875,7866.749701
153217.272149,0.114300,13.870247,0.194273,9755.436355
0.682037,0.293596,8.632281,0.545246,11302.518613
1820219.377376,0.239992,7.952335,0.980469,1775.059516
2487391.655268,0.621411,7.400887,0.333775,5861.896166
780823.290554,0.638504,7.271395,0.972401,6432.290756
2389838.861284,0.794031,33.392614,0.093981,9925.329330
1104624.120559,0.838947,8.656077,0.215491,7211.225839
8601038.813587,0.844478,7.354547,0.695541,2007.635430
3167541.382727,0.949715,14.017772,0.722821,10556.285542
3268121.950518,0.266838,7.762777,1.079209,1715.257576
298416.409972,0.841879,11.839475,0.542416,8014.527592
1207972.906307,0.905572,14.839788,0.545283,12001.070512
4215888.605412,0.403158,8.189707,1.223716,2375.613477
1225179.080876,0.661737,7.607058,0.100399,314.144999
5366010.131108,0.098936,7.350477,0.483609,2629.374760
7955459.693572,0.534503,8.236015,1.672402,855.064427
1.648086,0.047814,8.459925,1.946396,122.573185
2273738.680407,0.846803,7.406699,1.008258,7271.511244
2.864245,0.410647,6.618070,0.601112,7972.615184
1950606.328476,0.873217,12.070725,0.687966,8235.515389
2772188.957891,0.880687,8.093561,0.689524,2999.765948
362644.290924,0.349170,10.785849,0.630725,10097.656912
84336.803458,0.104977,10.677905,0.209486,8242.837915
11503.346949,0.852264,16.726344,0.189261,10552.145008
99688.286692,0.588178,8.331471,0.216307,5396.095098
5161863.769876,0.918076,7.805889,1.920620,442.380049
2840436.069710,0.742661,7.365769,0.241150,5235.603883
28107.804855,0.278031,11.526022,0.482594,9239.190709
0.121144,0.000000,3.102764,0.228481,10877.665012
102341.201591,0.194728,16.963299,0.838404,10304.699320
1370124.801147,0.504484,7.524575,0.440141,4024.905700
354610.504341,0.245566,7.471707,0.142724,4944.656422
8737352.610099,0.653768,7.331427,1.137831,5457.688574
1250409.015014,0.609575,7.391646,1.499292,2095.381032
212025.885625,0.688447,7.500843,0.113494,1383.118946
169674.944812,0.680462,7.486418,0.604431,7246.682576
5599.548115,0.080502,18.306350,0.675092,12101.764592
7479576.916020,0.780126,8.085549,1.312893,2706.153975
15650266.798567,0.570290,7.676489,0.248563,2311.330204
1836533.518071,0.896194,7.683893,0.544450,3023.880305
192687.224248,0.367262,8.087209,0.495537,5034.022391
16556618.724024,0.240396,7.930468,0.451742,4411.973520
2.240672,0.000000,8.448783,0.797207,10200.013427
89992.652618,0.744058,16.456240,0.817539,9867.679140
13.053661,0.053001,8.307805,1.013107,8227.025101
1313244.958005,0.841711,7.979835,0.999619,2864.070362
9381.748683,0.696183,19.931013,0.151007,12378.789456
133619.001028,0.577330,12.211747,0.673626,9192.670570
1417949.791903,0.831877,7.646768,0.895217,6975.657556
3185127.161532,0.792226,15.329060,0.438174,11551.402380
13883274.108000,0.973275,8.081454,0.317324,5144.595991
2.950944,0.000419,8.363657,0.689372,10144.075057
1157525.612948,0.527526,8.091781,0.846604,1896.974956
0.178338,0.000000,13.972886,0.028211,10586.928525
453241.637145,0.774763,7.539983,0.824192,6259.897380
228619.420649,0.594702,7.355749,2.208277,588.449953
843845.807039,0.876141,7.429669,0.598473,6877.036330
9140359.212407,0.187806,8.345906,0.980113,8485.876354
1561493.626215,0.849041,7.402906,1.006163,7998.899347
8337516.979127,0.841494,7.714156,0.650193,6359.541735
207313.185177,0.277697,8.064900,0.678927,7060.217253
723290.414532,0.559928,8.357503,1.569936,100.848656
384664.716420,0.465407,17.098954,0.454330,10556.550796
719512.646626,0.849965,14.684220,0.338876,10228.378808
2997949.136834,0.528333,7.946515,1.018563,6917.079353
1.507744,0.055382,7.890882,0.662414,7992.951493
3724416.286020,0.580535,8.419481,1.106497,7303.366070
1117969.712875,0.190608,8.031903,0.512570,6567.246057
183459.914941,0.771214,8.701532,0.183266,7646.963520
163236.976224,0.238164,14.313932,0.644584,7541.339677
221932.029817,0.379832,7.606092,0.187374,2658.228937
6948106.071766,0.796704,7.430782,0.349093,3678.503128
4357142.828492,0.883032,7.934215,1.455039,200.966393
14642.895665,0.399173,13.980265,0.965601,8911.048969
570307.198341,0.287022,7.588497,0.954180,6601.382163
51327597.376016,0.988626,7.960519,0.201589,5871.087705
3960105.746556,0.146094,7.941532,0.253011,3215.276182
629366.545493,0.375746,17.071451,0.932124,10427.941398
391279.562480,0.940428,17.639619,0.869088,10029.287878
7826272.292833,0.755766,7.551040,0.342401,5208.171220
266489.970270,0.577804,7.366509,0.553838,750.224258
1605427.653518,0.575253,7.999655,0.912866,2559.730216
524278.279106,0.672141,8.335256,0.333783,8826.171844
3866328.585603,0.833832,14.227403,0.459720,7838.808621
2343282.609151,0.495573,7.777004,1.296882,1203.611489
248479.782473,0.719852,17.676496,0.863386,9287.419884
161084.446274,0.591742,12.452167,0.416024,9077.010568
1717773.466149,0.143866,7.694514,2.717702,503.190627
991142.945270,0.129571,7.443309,0.553530,3132.811627
4598904.113593,0.851464,7.629577,0.463529,7043.416005
693183.795825,0.312151,8.523311,1.158059,511.873193
12380404.661054,0.806104,7.893650,0.167499,6227.894247
51306.117992,0.341199,15.243173,0.194451,8232.777870
1776179.119043,0.687429,7.358890,0.158117,3452.537727
153551.823400,0.631744,20.618961,0.408855,7810.357715
410601.996955,0.461651,23.690084,0.809317,12526.370383
886959.562481,0.744710,7.873236,0.083450,3100.427062
1061874.720917,0.398089,7.418380,1.213041,5042.813508
9136677.196273,0.078636,8.471524,0.469458,6473.833487
3774.874297,0.008524,8.172218,48.853611,4.352741
282232.478774,0.576255,7.336699,1.621506,82.778515
277127.503415,0.563554,7.485700,1.018654,5450.444857
96194.303926,0.403263,17.831483,0.396900,11162.912353
211929.542586,0.162303,15.503558,0.637096,11634.679931
6455133.763203,0.887282,15.588991,0.517517,8052.110452
1735585.687390,0.807854,13.986860,0.311692,6935.416352
77937.224231,0.749646,13.313223,0.720807,10202.689039
851801.562611,0.605937,9.405377,0.085059,6908.072802
380034.767449,0.752589,9.163866,0.456561,8569.595520
984944.854094,0.836525,8.000099,0.369676,7158.538898
3569131.573009,0.874642,7.704236,0.125632,7238.198743
1485126.924099,0.639439,7.388825,2.416670,658.415312
263825.303467,0.344443,7.594916,1.153450,1038.493357
17942.721155,0.138454,17.014324,0.141700,8143.171107
114719.818421,0.311089,7.972208,1.140367,6887.560572
38538.180387,0.113210,8.085011,1.518419,2189.016307
3512439.551516,0.204667,7.932095,0.144804,7017.234428
14857497.451828,0.776313,7.775907,0.522215,4185.395215
1918186.165002,0.786576,7.474098,1.053094,4410.897127
434875.422494,0.750755,7.446901,0.216705,1055.015412
2573710.716740,0.649823,7.929675,0.353541,6609.494218
5825594.756046,0.939168,7.353352,1.462765,1077.059157
4503127.329408,0.828589,8.074783,0.799389,6334.630777
14074.620247,0.270767,19.825732,0.874580,9788.942629
385818.942059,0.379547,18.518843,0.451751,11664.257101
562862.559983,0.430048,14.918688,0.762343,10061.873755
5621114.470983,0.939865,8.483296,0.988563,3843.882599
3100239.877862,0.809166,7.617477,0.130043,2064.101143
1634781.481330,0.624134,8.441452,0.863122,7520.789327
3241816.347451,0.849772,7.334010,1.102402,72.780759
1464708.521150,0.815448,15.101560,0.195739,8059.089659
7188140.552876,0.628411,7.842952,0.292795,4669.071423
4040773.935962,0.212086,7.597412,0.214253,6292.165242
729214.216128,0.751381,7.610221,0.585493,3378.519983
205809.172949,0.568560,7.418619,1.222860,1774.814089
942086.186179,0.844998,7.793096,0.534127,2791.474901
1148840.706835,0.738324,14.202781,0.685002,10511.972883
2791.691870,0.136870,17.152152,0.529226,13357.261356
9269398.766303,0.964329,8.177663,0.297140,3961.841532
4733598.469955,0.716008,7.339738,0.742538,539.142472
3354331.507533,0.545021,8.268292,0.731794,7882.425486
42530.286158,0.552477,11.716228,0.481853,7088.396298
1576777.364054,0.804588,13.857014,0.235412,7286.977251
214524.622766,0.257771,7.776962,0.798489,4931.201674
1224840.774458,0.627729,7.776327,0.488511,1690.617121
473268.275253,0.533578,22.535230,0.123029,11609.986053
2093539.097536,0.906738,7.198101,0.667496,6628.345123
4710425.375504,0.834277,8.678070,1.021539,7978.931727
5385445.425230,0.915843,7.365481,0.271571,1234.013482
7344989.661365,0.420561,7.603564,1.260232,3809.783239
732898.912196,0.833249,7.926633,1.422852,417.509118
524538.106354,0.597278,8.094152,0.680145,5794.825183
98020.516619,0.742555,12.510964,0.337487,8474.907552
550068.994108,0.795728,8.345470,0.843545,6186.107141
274043.299701,0.880203,13.243958,0.235415,10397.876982
173218.288629,0.582087,12.292482,0.515701,8392.126176
5677056.055857,0.928648,8.121520,0.967753,6517.176983
9882357.108890,0.155374,7.510793,1.148772,399.140365
1155002.117230,0.268076,20.617967,0.247891,10097.084701
1452009.560846,0.489280,8.235348,0.787927,744.044159
2172796.008753,0.766601,7.351282,0.660973,3629.678944
4.034233,0.000000,6.995385,0.999226,9244.094450
585351.724580,0.372451,7.553059,1.174626,4480.412757
128849.520811,0.150080,12.631456,0.874360,5910.805213
312419.083271,0.281113,16.150544,0.669139,9219.830384
3685078.236524,0.806579,7.599363,5.878606,15.363669
1479290.334058,0.918348,19.070763,0.908675,8086.717515
1347617.584303,0.740615,8.078628,0.261314,5346.462927
738846.062475,0.571640,8.491795,0.344035,6757.486737
4290499.674579,0.456864,7.940664,1.042472,3564.096165
18439305.684341,0.520714,8.240875,0.210350,1550.812487
520596.257354,0.450317,7.337121,1.811127,1036.413816
3426328.376462,0.914145,7.588073,0.785861,7952.881275
1068882.086238,0.556941,19.356769,0.858060,7970.432598
112945.272866,0.303206,14.873489,0.217940,9942.120706
10307751.267646,0.830713,7.366548,0.429029,5127.325736
714487.194049,0.679419,7.863627,4.289518,117.452586
2364920.159481,0.743950,7.768441,1.351345,2729.437377
519473.601628,0.733522,8.073016,0.928637,2574.859384
304129.510230,0.682705,8.662869,2.563120,307.502019
0.131264,0.000000,6.755071,0.037938,8382.815298
455204.846277,0.688725,7.588185,1.420384,3112.080823
3729358.530149,0.288750,7.721396,0.411758,3269.664130
876028.292070,0.648650,7.382246,0.411023,6774.271594
4833628.329167,0.237300,14.472814,0.419941,2394.222257
187122.352576,0.757315,7.931226,0.726879,6882.248988
13119352.456091,0.762176,8.240175,0.568952,2429.470321
54394.681084,0.780938,17.615840,0.808550,5819.096536
1850356.011709,0.499038,7.847083,0.748729,3544.220353
1416607.394888,0.641100,7.359290,0.639309,5313.470720
727604.868343,0.499663,7.595062,0.766563,1890.095332
3386551.719704,0.512409,14.223949,0.099475,6822.741102
157407.298403,0.370761,16.480175,0.484821,9110.671412
34635.853648,0.469393,14.470064,0.584356,9983.900030
659855.971479,0.624106,7.756188,0.776673,5522.339693
3835667.346728,0.726954,8.634212,0.797576,7492.006695
165910.275364,0.467861,7.999435,0.216326,5462.646025
933480.883927,0.813350,8.278757,0.614405,6406.636390
76220.443106,0.268592,8.409750,2.246824,209.657643
53323.183358,0.086711,8.387679,0.254880,7894.072098
8341699.327085,0.575835,8.065208,0.288732,6568.010076
95008.234895,0.553718,8.232216,0.868589,9036.011137
1410439.047608,0.332674,7.510590,1.675952,408.040066
342631.150122,0.903407,17.245367,0.678071,10419.639581
3970222.217374,0.841533,8.439022,0.817516,7577.916467
3085810.155138,0.629339,7.990358,0.870363,8844.633542
1404213.957410,0.724432,8.087432,0.253054,714.064100
193110.284498,0.328020,14.258139,0.849057,10131.201192
2435974.963991,0.580699,28.449207,0.648738,11652.643170
5688663.377047,0.705164,7.448223,1.209143,1504.157376
279219.771515,0.768613,14.681840,0.286952,12616.041164
1037017.431217,0.757225,17.717612,0.830216,9411.634027
10896185.512124,0.926358,7.456070,0.739195,4610.691919
198081.448128,0.088298,14.256531,1.615413,1245.107255
1950119.733890,0.838217,8.475174,0.329391,6281.534274
49067.537846,0.894884,21.183289,0.282166,11497.520343
6503843.681010,0.929979,7.571033,2.819191,98.662746
7168916.244048,0.947323,7.512678,0.176816,4464.061575
1338128.367774,0.381356,8.512583,1.497507,1999.480428
23302.895737,0.128741,7.759592,0.384174,6045.656262
886417.775734,0.767955,7.682029,0.121136,6585.753329
2555608.746089,0.962715,10.899436,1.007773,8529.542357
13950.966481,0.995117,9.181073,0.536388,12220.489629
2252211.815734,0.546281,8.085113,1.091821,6542.958426
1197414.168774,0.594688,7.450006,0.361606,958.372608
3079409.513177,0.929911,7.362164,0.705046,2768.508794
1091229.764220,0.442112,7.885041,5.676133,52.473886
1917142.981279,0.857234,7.763828,2.104847,691.323347
7351425.363400,0.527381,7.668761,0.962771,3114.527742
144375.697654,0.713357,8.292131,0.454877,8957.229265
17541.570426,0.566306,14.564525,0.910903,5932.111674
9632150.100938,0.751168,7.648463,0.752070,629.664143
127260.659473,0.621660,16.015537,0.659910,8251.469922
673399.099875,0.763435,19.246879,0.438623,10598.587290
1740811.762442,0.845600,7.676984,0.834410,1511.725280
13642476.932847,0.813614,7.811638,0.300866,4636.969714
1629390.483505,0.855829,7.777130,1.158041,4604.885321
829920.060171,0.356902,7.726684,0.701171,2926.471111
252470.152307,0.318629,7.884861,1.403011,2800.751757
9499448.282152,0.251855,7.874975,1.543824,1666.142386
332055425.667908,0.982533,13.831010,0.544925,7957.686651
3650741.238982,0.310354,8.253061,0.318427,4013.545024
2711591.640521,0.400552,7.453587,1.211911,5287.178395
124426.019774,0.770929,10.236583,0.945674,7682.115565
9749072.640984,0.344355,7.460804,1.579195,2488.023238
5302142.281893,0.575772,8.434405,0.610180,5443.020676
6288166.321324,0.689185,7.760201,1.198359,3995.361618
179784.086867,0.344785,8.368228,1.028295,7318.301749
398152.518143,0.142698,7.680461,3.157499,171.780003
3385894.485131,0.681311,7.745604,0.527552,6251.376516
4373660.391120,0.248252,8.495779,0.238767,3089.475975
122989.246700,0.686791,23.219014,0.151021,7865.225270
12909086.276172,0.921637,8.235078,0.497136,3864.113420
2134235.521305,0.687173,15.109666,0.757627,9097.514390
2035887.403850,0.758215,19.471073,0.206192,9827.633473
149328.509296,0.364654,18.384548,0.475926,11579.791746
116687.557979,0.167346,7.460194,1.112463,6100.351310
1962298.350083,0.775775,7.602060,0.579469,4625.388562
387390.603178,0.725461,7.799123,0.140649,6404.447566
1841277.815905,0.329786,7.511743,0.947493,1983.019665
38611.467126,0.258769,7.584651,0.437047,6770.527560
12404376.641294,0.393594,8.239856,1.247667,4867.720863
614995.126870,0.650270,7.692398,0.101560,6263.729768
87325.917254,0.616448,8.152536,0.456105,7080.348955
4790077.924221,0.911656,8.269392,1.156563,2846.311797
18748.525900,0.773270,19.824528,0.182694,12399.358545
2478836.899365,0.141074,7.940120,0.834770,5878.685809
886996.203224,0.917845,8.186180,0.492709,6199.568872
18734.970340,0.344185,11.493376,0.421819,9546.443884
215263.672737,0.721530,7.956545,0.456055,7998.277370
590735.932972,0.715192,7.334025,0.177903,732.972540
649259.629496,0.648397,7.562062,0.687783,8269.608994
5223050.716661,0.916809,8.090449,0.689414,2561.186506
181546.941989,0.409758,8.233919,0.477239,3204.731368
219841.777647,0.264996,10.775853,0.941818,7139.120620
400388.466433,0.661429,11.944143,0.789132,8632.860789
207617.983211,0.481146,7.604080,0.608068,2049.789133
9463983.682932,0.764985,7.632483,0.084459,47.852541
45559.386354,0.449790,18.117198,0.638364,11580.163348
756431.584042,0.743467,7.525549,1.610895,1215.249260
79312.490501,0.469079,7.482954,0.297435,6621.172220
3892554.885125,0.839327,7.955793,0.812317,3272.006462
55133.426350,0.115984,17.134676,0.361119,10919.837631
321223.948339,0.083096,15.453289,0.919418,8658.771769
67262.431733,0.089918,8.632114,0.258963,7468.021563
2925239.113025,0.528337,7.669644,1.194854,4186.860808
1.294311,0.048492,12.432089,0.460751,10659.190204
4547567.551182,0.528620,8.410781,0.334089,5040.142005
41504.705770,0.720462,14.738582,0.609939,11610.948496
1931523.118996,0.498317,7.703920,0.395325,5043.544310
747813.746888,0.830146,16.322491,0.719934,11023.507023
5878335.950932,0.677388,7.769399,0.969341,6828.846170
1098899.574049,0.897662,16.349041,0.198113,10736.534435
2746694.848464,0.551938,7.475394,0.391350,1843.746368
210003.097375,0.672607,7.717015,0.735602,7968.038860
1150310.376323,0.451875,7.589603,1.201479,5493.128435
208333.975314,0.236639,7.404234,13.052195,10.464549
229659.240521,0.759324,17.109677,0.441499,7565.516345
3098922.271176,0.537566,30.398660,0.712144,10704.166863
7516393.656170,0.903691,8.226359,0.748135,1805.658381
165793.899011,0.266939,7.927692,0.499858,1632.893968
128409.446153,0.445456,7.720142,0.888979,4972.511319
2086105.342098,0.072220,7.405686,1.125396,6851.831782
20154.113857,0.496083,20.398415,0.757908,10355.956238
2529847.743975,0.833348,7.600505,0.355956,2997.371036
5908735.788173,0.639889,8.185391,0.566516,5897.434946
10081042.766531,0.948408,8.094256,0.186571,4009.880623
525653.827664,0.684519,7.775860,0.493123,1409.790644
3742334.189042,0.400707,7.916545,0.891425,7268.232137
48781.391646,0.363672,8.197877,0.870547,7667.828148
5947488.548492,0.741353,7.820444,0.909246,6535.204798
760096.368242,0.227208,7.377432,0.934884,5521.039163
1982234.232074,0.621551,7.928001,2.238763,433.160168
12591368.893529,0.956362,16.006716,0.706329,8455.249839
959919.055269,0.912236,15.985499,0.081212,11757.254105
352031.483274,0.536695,8.135496,0.586582,3217.216765
640310.660839,0.484321,7.927058,0.893498,7051.407160
8049887.010764,0.513147,8.086302,0.224130,1779.170594
2024148.287345,0.921465,7.586999,1.039084,4695.776699
114273.333355,0.617226,8.628526,1.043224,7570.816165
773159.422129,0.812791,7.676013,0.294372,8573.262296
107257.418744,0.496055,8.473149,0.088089,5769.689584
25.723787,0.055005,7.907021,1.177573,5080.857442
4401152.583725,0.343092,7.468911,1.190174,4949.412533
2651566.251881,0.912389,7.760170,0.577226,4211.687464
7601670.927478,0.774668,7.484488,1.149580,4101.198806
562123.179854,0.167595,8.798351,0.694736,5784.221824
4.902888,0.037659,7.525758,1.043531,3084.444483
7671947.192796,0.423822,8.003892,0.300013,6410.158998
9761970.215194,0.862426,7.564416,0.176131,7293.167042
1536892.587854,0.773647,27.707887,0.576946,12717.663992
473180.142315,0.356187,8.238985,0.886571,1058.160083
382457.062067,0.667023,15.646876,0.171856,10561.929776
2586500.286490,0.502211,21.473169,0.721283,9854.644293
2527348.029589,0.427171,7.611320,0.484115,7939.880918
185134.671545,0.345468,30.775649,0.426043,10878.387448
3144631.924984,0.423403,8.337582,0.096710,8585.326201
5052138.080535,0.679084,7.512107,0.387635,3542.816968
6304668.293981,0.925998,7.494923,0.700242,8343.815604
20953785.678766,0.452953,8.263319,0.105953,7045.128838
849788.354978,0.835837,7.467197,0.706141,5191.597646
403654.034195,0.506639,7.905625,0.808988,2045.444387
1625403.526227,0.780796,8.698750,0.405265,5489.531754
2128419.398263,0.802757,20.559116,0.090512,5859.265612
2997333.436719,0.793603,7.345630,0.376229,4172.031644
30239.381538,0.489338,13.868072,0.669061,8716.590257
2458159.898633,0.409051,8.238036,0.712004,2025.605999
20268954.588095,0.882679,8.407984,0.632749,109.534651
5964533.884216,0.726410,7.860542,0.295043,641.024387
5526357.714260,0.929378,8.167607,1.254309,3410.666249
1798147.910189,0.754130,7.999560,0.426763,3993.745953
56715.909385,0.570181,8.375744,0.143857,8546.730853
13046924.645267,0.757921,7.769647,1.629783,2177.238909
1948824.852748,0.484527,7.606446,1.026082,4933.567313
5231112.837690,0.508250,7.932089,1.227108,3234.209960
5085516.373964,0.651132,19.538294,0.344568,11316.726778
2153815.008829,0.923003,8.165272,0.951291,6797.458581
1230043.986199,0.721419,7.537509,2.755865,26.120856
251602.660560,0.336253,15.499506,0.744208,10509.297227
653539.759266,0.878839,7.817830,1.046781,7594.928499
1061107.327572,0.508538,7.669012,0.599975,6449.798499
8828165.881168,0.698885,14.736075,1.149970,6260.195357
2840504.371896,0.175798,8.406508,1.075182,8091.985299
2247596.015058,0.195813,7.798571,1.108515,6780.975968
2316400.779081,0.926717,7.723760,0.208422,7242.926618
1906451.766141,0.645667,7.612063,0.826454,7228.780125
363849.724390,0.435309,7.511474,1.049465,2066.293916
3034273.780940,0.842768,7.798610,1.328873,3419.799153
750916.815476,0.477614,35.625227,0.224106,10240.150415
0.204383,0.000000,10.332519,0.025672,12073.211542
393556.626221,0.840975,18.594761,0.837937,7860.693721
1507045.253385,0.453493,7.462539,1.208890,910.854123
5.413045,0.495109,10.611089,0.179569,9833.515740
487996.296819,0.444567,7.774619,1.913047,16.900323
1512960.871152,0.299394,8.080970,0.889038,2276.471382
783866.294982,0.545630,7.440766,0.250916,6602.738865
4188646.501894,0.838682,7.461512,0.365440,7889.877110
73055.756505,0.517927,11.903550,0.327987,9831.813883
64520.811530,0.196720,8.077616,1.127098,3656.532831
4513591.939158,0.790686,18.043288,0.251834,6805.272592
1397785.718725,0.703886,8.003515,0.462134,6313.273399
1334366.141815,0.202952,7.464450,0.179048,3258.052814
18893666.081954,0.806819,8.111705,0.551706,8064.589251
1391065.475937,0.627450,7.934546,0.721887,366.326579
3407518.263103,0.636077,7.850409,0.434175,4868.268213
12952247.419997,0.334734,7.511154,0.402138,4431.361858
588387.856922,0.157419,8.407517,1.132826,4063.391561
242313.947192,0.423463,7.679656,0.302261,4124.704306
1188700.476276,0.721127,8.216913,1.251416,5220.071930
4705756.903673,0.795515,7.357197,0.474990,6104.617997
228222.113038,0.722157,14.296363,0.357232,10521.650384
1296280.883061,0.627708,7.977229,0.255501,5099.604812
5652125.426253,0.563443,7.630437,0.118407,6010.160102
8098.909571,0.385781,18.167657,0.711180,7706.691349
2537423.465223,0.199445,7.818234,5.823039,58.541384
4096127.548771,0.656810,15.485121,0.709730,8620.090568
419702.086404,0.821937,11.707361,0.338838,8750.832742
118319.431212,0.727639,17.347708,0.710778,10815.824292
2476866.096787,0.274989,7.941355,2.343736,697.015306
1706738.860670,0.829395,7.886467,0.084923,6602.839532
821858.123488,0.386805,7.852826,0.780335,6908.865364
0.235902,0.000000,14.180223,0.022181,11082.471706
2.816436,0.246980,7.751590,0.681037,7073.069244
5021198.527268,0.948412,7.843640,0.458949,6620.425599
67243.492801,0.693720,15.227261,0.974362,8893.553416
1200287.856442,0.887292,7.708025,1.448254,1705.647217
469147.245109,0.644754,7.605003,0.432737,4085.741410
1254884.047348,0.894886,13.907836,0.086354,7649.673220
98725.575786,0.731406,14.916775,0.125461,11156.360603
12545452.362173,0.715802,8.371763,0.331518,2840.237739
1065095.304352,0.633495,7.626842,0.170150,4400.445217
3980284.862855,0.845559,27.055294,0.220976,12084.007846
9978325.314537,0.659741,8.679041,1.152019,5475.721277
2992514.738398,0.867800,7.507293,0.648028,6788.742070
1267394.661560,0.706643,10.948301,0.648056,10336.735966
1160360.446464,0.854997,7.975687,0.291210,5481.638034
147403.019437,0.259600,7.886696,0.483731,2406.917822
66778.053931,0.839427,20.668793,0.787133,9674.150550
3036049.548268,0.219427,7.463425,1.682974,2066.108873
22422.575105,0.339155,15.239649,0.233273,10260.173710
9177248.537393,0.832801,7.498853,0.151554,5102.692232
27934886.706929,0.610574,8.384103,0.315728,1409.901676
662154.775997,0.845051,7.461440,0.342133,3608.564910
760544.733563,0.659798,7.480104,0.281568,7478.165686
0.929002,0.041898,8.669856,0.913462,5161.097816
0.143292,0.000000,8.342090,0.034748,11107.640094
546731.831403,0.571026,8.002738,1.526518,1741.932817
388309.779907,0.469745,7.739408,0.994497,2240.673393
211000.408038,0.038477,37.079264,0.216546,11156.006644
943874.452676,0.764719,8.300267,1.055110,7492.592916
4439159.868094,0.290884,7.511537,1.198579,4986.738165
938983.213800,0.573468,8.433744,0.409458,8682.426810
37818.406712,0.458937,15.223934,0.769792,10998.266389
4433267.450435,0.680287,7.833289,0.184111,7432.474998
147071.404531,0.328049,32.393892,0.236674,12113.642337
0.080686,0.000000,3.060428,0.060406,11156.718032
311929.943958,0.880802,12.260172,0.407285,8640.210762
727240.675846,0.646155,7.514223,0.460788,4556.390446
6983.584006,0.186677,19.119200,0.197681,10533.857481
924603.657304,0.776373,8.365107,0.693033,3944.065974
479813.215701,0.360651,7.807090,1.869287,1115.687991
5904281.122058,0.905386,7.368099,0.552075,5798.855731
14266699.441817,0.864676,7.996647,0.391000,1549.598165
5652589.191374,0.948690,8.226464,1.020343,39.319173
32723.424175,0.625383,12.740132,0.458364,8840.116064
7784355.240941,0.751827,7.827582,0.337014,1831.909098
411546.862265,0.756468,8.251103,0.667047,8806.761614
2780472.219680,0.681084,7.956020,2.620928,336.413754
2.511995,0.000000,5.806761,0.940483,9742.709282
215086.936204,0.440218,16.146439,0.218268,8577.079742
848147.279537,0.816722,17.860949,0.493445,10630.036716
320224.340756,0.280737,7.769644,0.798950,3723.856658
4847280.977530,0.894523,7.933418,1.740497,1260.677110
932806.276669,0.573920,17.942401,0.855200,7939.666404
2149810.213771,0.968209,15.509344,0.239000,8404.262623
176767.538228,0.459218,7.870911,0.214510,8212.086776
220078.384729,0.509212,19.062380,0.811766,12205.678467
147559.969586,0.487571,17.573291,0.591870,10997.566432
5608562.583305,0.807716,23.129617,0.648998,9527.106737
108744.159518,0.289523,18.313812,0.414797,12451.401036
149418.741458,0.639535,19.305268,0.341846,9752.322361
441289.305472,0.429985,19.969707,0.171939,8605.837424
835957.787021,0.550231,7.776934,1.119600,3523.374982
6569684.806123,0.890168,7.400064,1.310072,1953.403336
777125.203641,0.777190,7.590172,0.229827,5710.222647
10389788.219560,0.045242,7.593136,0.565320,5907.865731
2842872.672750,0.383674,7.511048,0.197719,3484.472792
4140000.836619,0.598122,7.513147,0.885190,4461.463260
74104.157300,0.201465,7.830907,0.413597,5125.742520
83857.319532,0.342862,8.117365,0.588064,7198.958872
2122908.798566,0.172265,18.252976,0.289075,8464.865006
393459.534379,0.524534,17.537344,0.730977,10723.288555
706104.487752,0.658332,7.619367,0.527042,7070.906316
2670843.908875,0.789499,8.402451,0.658672,9025.558078
1820141.975542,0.592179,8.600983,0.374190,7261.215502
716197.474873,0.530558,7.337381,0.782660,92.551734
2489884.939451,0.841155,9.928729,0.108097,8575.670309
2542235.919038,0.517194,15.837150,0.293754,11270.819797
2640490.771594,0.564665,7.492522,0.507976,7184.740876
135417.068267,0.334927,7.487607,0.342249,425.874067
0.202701,0.000000,8.153996,0.025191,9397.932022
38212.777625,0.521502,18.189388,0.388884,10292.314986
25262.392806,0.344708,13.612214,0.249804,9943.094751
17738.520214,0.491622,15.811560,0.387749,10043.157089
553584.629331,0.641135,17.729831,0.431791,8259.059816
1326533.126532,0.395487,7.811776,0.399021,3150.513647
1.215401,0.663470,5.779452,0.408605,10602.982361
6675088.382902,0.756330,7.680588,0.779783,185.793366
2590205.453141,0.583836,7.973310,0.985879,7974.363718
67222.445622,0.710682,15.519759,0.407908,9152.377444
128543.375816,0.536167,22.619654,0.395434,9976.812779
5618098.013221,0.263170,15.117612,0.085940,7703.883165
18374.014761,0.378320,12.886031,0.602103,10670.261075
2241973.169881,0.640642,7.415992,0.332475,6237.081307
335159.285000,0.524188,20.988879,0.702335,11000.677720
192126.098857,0.500392,8.027239,1.276143,2460.232899
1247430.866005,0.122306,11.433898,0.905752,9918.100670
1900662.978462,0.476716,8.042536,0.935849,5442.037587
2.109422,0.000000,8.273547,1.008746,7997.228967
204276.665381,0.647914,8.339452,0.160698,7887.744606
140713.028452,0.581392,20.628296,0.228452,9307.089897
182654.262332,0.378088,18.110801,0.653515,11014.948004
253355.730644,0.303022,7.776967,0.588530,3770.989044
10050420.638439,0.350178,8.233314,0.151403,3461.633059
918237.618802,0.570908,7.481414,0.432002,6374.754820
1176927.205850,0.909472,14.449628,0.409033,10469.113321
1726506.666662,0.679203,8.099241,0.083888,8737.071072
3.762391,0.000066,8.234361,1.034699,6768.689137
30428.510823,0.059366,14.594962,0.405405,9240.987864
3184992.972494,0.276549,15.035609,0.353624,8449.956730
3550576.340006,0.444574,7.979358,1.038211,214.931572
5190487.017977,0.912172,8.094677,0.335195,1873.061359
123992.633160,0.397810,7.787380,1.130248,4613.125507
135916.571415,0.844446,14.122803,0.288445,8604.556691
618244.526288,0.471379,7.927435,0.687907,4023.869667
503895.263061,0.573664,7.923054,0.900551,2216.493624
133129.155857,0.415355,8.240298,1.038370,2449.308997
8187589.502834,0.453728,7.354796,0.405057,4688.151636
4948683.922413,0.213082,8.147977,1.055820,3918.050094
5941106.022003,0.491607,8.383955,0.731121,3084.864849
718513.907142,0.659653,15.666746,0.494306,9020.307418
4652810.639787,0.800752,7.372261,0.409438,3646.571707
600188.169682,0.806768,8.041330,0.750238,7256.643834
11148836.611397,0.760228,8.022362,0.205175,4820.223769
2145246.849095,0.672074,8.077396,0.461443,3795.312089
903323.812877,0.669864,15.060111,0.626528,10640.409682
770810.470546,0.208391,18.047697,0.366897,8338.294905
5025360.183792,0.902728,8.644883,0.175201,7041.535253
427268.693346,0.718181,7.764204,0.572618,5884.759187
2317687.785615,0.575862,11.770671,0.982124,8567.485907
2316207.117147,0.432166,14.598830,0.440353,5749.604826
999554.182589,0.745292,7.397337,0.568763,1494.003068
663445.401638,0.388171,17.601528,0.738286,9290.093626
2469768.409593,0.632496,15.697912,0.484905,8071.299749
888452.191289,0.695384,7.461978,0.141134,5853.737345
583978.942170,0.918675,10.728675,0.775205,9206.995522
1441344.408579,0.151111,10.999564,0.485590,10328.088358
198363.356147,0.346427,7.374443,0.938349,6102.930642
205974.239524,0.394420,8.339526,1.138201,3326.962460
153916.003741,0.112563,8.228808,1.092625,2321.153359
90926.536697,0.458887,16.230399,0.929286,8778.179065
108425.819378,0.223335,7.928323,2.034928,139.932240
2039393.186747,0.849245,8.092678,0.799812,5589.470678
2260262.758338,0.438893,7.605996,0.972684,2961.217498
420119.220448,0.069448,7.394229,0.227545,3543.178869
1321974.931041,0.200922,11.873532,0.571464,8619.103504
78011.404718,0.251824,14.706182,0.467763,10383.891635
1325687.191338,0.529893,7.358818,0.583929,7757.882063
178219.358548,0.834338,12.199580,0.728434,9305.875525
51201.943550,0.308927,8.421617,0.133765,8229.502372
57122.722828,0.489400,12.132218,0.745224,10110.896723
83620.422907,0.328415,7.384803,2.767538,6.322335
988415.084325,0.588107,7.778863,1.007528,7234.656275
6007400.202985,0.533981,7.675437,0.731127,4430.217721
2758461.844173,0.389310,7.347088,0.169224,1221.997291
0.161719,0.000000,9.481783,0.031158,8613.000163
312846.292067,0.376055,11.599969,0.302647,8854.926490
0.496886,0.044141,7.838687,0.209708,12245.375309
139879.513117,0.345605,7.338158,0.164378,1043.086747
294387.749803,0.590799,7.985180,0.698448,6494.526401
103148.131191,0.221466,7.770565,1.121792,1705.843986
31450306.664419,0.974007,7.447038,0.165170,6200.683028
1029934.921717,0.335033,8.442233,0.683120,8274.753456
18708.860391,0.515504,15.906388,0.492992,10284.088954
3780428.926024,0.861090,7.799320,1.108501,6628.525742
2105560.260585,0.055871,8.187798,0.636996,7239.761146
669032.339322,0.925001,17.250414,0.414745,10235.739672
3703824.375743,0.090731,8.095132,0.823513,2090.288115
27.250794,0.813617,8.425856,0.767762,8252.710073
77622.032928,0.651425,13.188761,0.912327,7418.868627
10909.068161,0.157108,11.989756,0.256833,8066.581024
66467.807282,0.649275,16.317626,1.982142,851.680202
68626.909626,0.763118,13.985108,0.931222,5830.470988
1268130.803893,0.772684,8.151597,0.630717,8266.022914
1440771.535675,0.865475,14.986851,0.628725,9980.138751
41982.467383,0.332295,19.908396,0.390847,12820.205586
256383.291451,0.602951,8.646110,0.156066,6807.550551
182475.251910,0.769518,17.799136,0.083632,10599.905800
83511.295136,0.031195,7.709702,0.896325,6149.141699
575129.391005,0.460468,7.462588,0.139455,7092.424434
478840.612234,0.430973,17.636119,1.165172,3743.620869
1109051.346800,0.425245,8.364179,1.174679,3736.965017
409605.876952,0.356889,8.383054,0.232332,7410.211723
1039899.830895,0.595197,7.831806,0.834468,6747.821718
258522.944078,0.731342,11.523461,0.455943,5209.406007
748933.566210,0.688503,7.456276,0.119626,3503.059099
202345.078602,0.370325,7.503820,0.639420,6899.878944
162375.110823,0.337691,15.932698,0.930238,8387.091182
5300347.511269,0.637582,7.856879,0.835571,8563.277479
5732334.516434,0.896939,7.478077,0.176215,7145.448428
233270.283619,0.498902,7.335700,1.208530,3975.807050
15969249.947748,0.528279,8.264717,0.859088,5490.667345
2761229.912878,0.691812,8.252860,0.983103,7317.707337
61538.995772,0.223749,7.603585,1.762825,952.143080
2992876.788527,0.841632,8.073639,0.949609,1673.695135
2413776.570401,0.814621,7.456309,1.047649,6294.380760
14787417.429846,0.770920,7.385324,0.136480,4242.146420
208493.811681,0.671893,7.452717,0.200394,6092.287937
1172176.418637,0.231590,36.661945,0.815414,10219.183444
1.923180,0.028779,15.852909,0.628292,9794.431075
2001403.995928,0.825115,7.775626,0.549927,1808.004750
3715373.932018,0.668377,7.776389,1.128417,6668.531750
18777.180350,0.227855,17.830489,0.588136,9809.867722
0.232893,0.000000,9.175780,0.022860,12145.772572
1180625.185326,0.809779,8.298711,0.652315,1195.213280
128441.309465,0.762710,7.229901,0.089638,7166.255827
0.202040,0.000000,8.468143,0.023705,8570.491900
78521.359546,0.128057,7.644341,0.809587,3572.617700
0.659999,0.058052,7.678126,0.393268,11196.356787
77864.868201,0.630330,14.289029,0.248937,8050.937890
1137010.564311,0.697679,7.415105,0.712657,4463.824666
110551.494478,0.188647,21.570066,0.750490,2530.337462
484814.240609,0.715486,8.065382,0.608842,6749.933984
443785.670461,0.487451,12.830590,0.919582,9891.975585
842330.755087,0.957969,15.274286,0.661980,9439.038091
1057508.910026,0.746899,7.770718,1.293760,3435.011222
6187903.263542,0.903434,8.374135,0.520158,491.383098
694101.506061,0.547510,8.264797,1.642820,1970.563438
6349539.055865,0.746558,7.746634,0.184601,6019.386682
10473.771682,0.207825,11.607213,1.051234,5792.945099
60112.206138,0.124100,7.954856,2.133376,236.290053
2731034.656946,0.856047,7.848904,0.319568,6066.928682
1416881.721021,0.864393,8.451350,1.289878,3971.848087
1516975.918662,0.315359,8.515358,0.125513,5377.840434
85965.471197,0.771224,14.501585,0.381180,10763.097896
1636242.892340,0.714432,32.903454,0.218873,9481.641091
484691.244298,0.463010,21.224384,0.564350,8540.226955
4730344.579572,0.754802,8.102268,0.149903,8584.203540
527597.580848,0.250054,7.624677,0.842802,3273.029002
374219.456892,0.275283,7.885436,0.424654,7470.309663
1137797.485643,0.840754,7.481072,1.124106,2288.252449
2512374.928731,0.720244,11.488661,0.197483,9261.107461
2372423.102182,0.565441,8.593423,0.217887,6920.741077
1522184.228225,0.239750,7.418991,0.663091,4031.618845
397700.080749,0.320218,7.385709,0.729120,4855.540419
1006781.317434,0.895284,17.843290,0.974119,7969.007797
8935676.223576,0.955183,7.802973,1.362141,3571.349778
16.382997,0.053764,7.649826,1.649837,703.139538
181287.963126,0.363641,7.665186,1.566669,2078.805073
1535954.777296,0.907323,14.251245,0.617009,10311.049595
2970962.340592,0.743922,7.352794,0.880127,4217.084015
1317678.690681,0.729212,8.107854,0.457041,5912.527891
73365.132364,0.192184,7.447190,1.069716,6526.479147
218887.695545,0.828943,11.000006,0.371888,9015.906647
1918457.233542,0.857535,8.681402,0.596149,6437.189627
598718.766969,0.707788,12.955178,0.446842,8236.326772
284469.443212,0.730214,8.167280,0.428943,8556.859284
1842282.481193,0.574801,17.542576,0.292680,10402.748856
1684166.337645,0.700069,11.707126,0.623643,8561.762109
7306101.711956,0.761975,7.676738,0.858243,4142.905148
212917.908365,0.679501,15.145387,0.687075,10285.834451
634633.541704,0.332924,7.726222,0.567362,1115.612182
10283667.078292,0.703962,7.598553,0.472319,7984.183712
14652712.724082,0.615388,8.265282,1.384656,647.429809
268966.424134,0.839177,17.775398,0.219876,11333.510975
509914.773744,0.178094,7.549889,0.150091,4616.240379
421983.618024,0.083602,14.012990,0.253361,9223.860105
1655986.545420,0.811079,8.110730,0.570045,5466.471949
3653796.320891,0.893065,7.946351,0.851509,6723.069354
235180.374489,0.762866,13.429104,0.225984,9588.833016
6428431.606927,0.885548,7.449023,0.194993,4873.309263
45701.600033,0.105452,7.456434,1.015569,4901.531222
951622.157088,0.841378,7.554263,4.496113,43.930383
412576.241449,0.554869,17.303959,0.116619,11099.208861
685612.104923,0.373857,15.371439,0.182224,8526.272262
62747.515361,0.295005,27.849748,0.769726,11723.898823
26521765.689210,0.347201,8.467912,0.282270,4514.071403
5261190.776060,0.754663,8.151725,0.530252,6265.648647
7936047.912570,0.732096,7.512878,0.135563,3181.128085
101916.370539,0.563083,14.549388,0.837553,9117.395797
70228.494421,0.689476,14.742942,0.269047,9714.395853
425541.035373,0.131423,18.136590,0.371542,10120.915599
80521.860421,0.072859,7.671137,0.349444,2011.722354
6105269.807476,0.843653,7.688390,0.801131,4922.903356
7155651.461262,0.663162,8.000631,1.059493,6846.611205
162200.740415,0.195769,12.170357,0.727056,9287.311796
50798.877169,0.476964,15.786179,0.594560,10409.446101
3184946.614203,0.746910,8.094239,1.623541,779.012404
2953895.426292,0.700847,23.340731,0.138930,8009.253756
588555.019253,0.425211,7.501140,0.891429,7394.841017
1369079.114255,0.764361,7.985940,0.244677,6908.275431
81757.340350,0.794826,17.693866,0.503453,10531.822028
8094184.633555,0.349291,7.458002,0.197265,5517.311317
325769.486865,0.770651,7.467363,1.030194,8216.338404
128713.609932,0.140151,8.367283,0.796996,4444.738683
1546997.936791,0.801113,7.401733,0.654168,6720.348109
353631.848968,0.423260,13.856104,0.309606,10304.825193
1544165.441981,0.637966,14.452784,0.903405,7267.460419
1046426.953944,0.822460,7.760330,1.628397,2295.609387
1368235.364315,0.924994,16.238355,0.506315,9864.484560
332963.696787,0.701607,7.981837,0.848792,7638.144344
1968062.184184,0.671491,8.907576,0.935102,8075.238284
440098.340633,0.650477,8.023947,0.534033,5389.654887
111525.062436,0.703949,9.746592,0.519673,9264.936594
1.517184,0.058349,7.834479,0.706553,115.096196
152454.496251,0.295086,7.776984,2.207411,194.311181
376805.237213,0.673761,8.120349,0.986986,252.759078
10104628.448617,0.392453,7.639741,0.108251,5079.836993
776606.080387,0.742270,18.086124,0.404419,9892.868859
1489711.923529,0.172144,7.526266,0.623960,6875.139245
110844.204799,0.699924,12.431936,0.625917,9773.604733
1211131.802606,0.793478,7.832379,0.333349,8179.363373
5444026.415152,0.229728,7.349307,0.416162,2098.122593
899802.257569,0.119426,7.800938,1.445373,2771.535301
2807990.768470,0.382001,8.213133,0.425112,7469.138696
228845.740780,0.335104,12.009935,0.308400,6232.039135
1731096.665196,0.939536,7.764051,0.099232,6592.877847
2664558.789221,0.821647,8.695018,1.074942,7898.998042
3461755.105001,0.182247,7.945492,0.546821,8244.180763
485449.455372,0.909559,19.054256,0.161611,11677.709049
405665.266229,0.738733,7.233883,2.327422,451.874748
3071333.708473,0.510023,7.742827,0.914310,4307.187188
129222.534821,0.803119,11.352710,0.274448,7849.655633
1824721.059866,0.383099,8.116629,1.971616,710.085252
4930635.089918,0.909341,7.359988,1.037519,6780.503947
7115232.404046,0.763014,7.720472,0.767445,6173.666095
212101.675622,0.270205,13.802251,0.416890,9568.804365
7951858.858767,0.366984,7.526227,1.291521,163.041355
282382.049541,0.562438,19.372792,0.412776,2831.017781
3878.983467,0.220260,20.677720,0.143232,12143.624978
0.255432,0.000000,16.041932,0.020710,12829.627381
4058334.160170,0.596948,8.114912,0.488382,7991.446160
11755995.238089,0.540454,7.919978,0.109860,4909.078624
200615.870235,0.799303,24.574831,0.811947,9861.280049
7692341.956934,0.703730,7.872499,1.453494,3129.026016
272957.010690,0.786002,7.836779,0.370119,7138.577750
2244807.312537,0.914113,7.385148,1.131511,5460.117454
146190.262573,0.297930,17.447110,0.736058,11332.597204
6559372.608419,0.436619,14.118984,0.996013,7528.287400
9141.019128,0.174226,20.800971,0.714585,8959.509640
98106.761620,0.767471,15.664498,0.582715,8376.894553
641680.855257,0.344112,12.431913,0.376742,9361.770304
1062760.412852,0.630667,16.583006,0.627850,10315.706773
2383354.609165,0.733219,7.767299,0.208638,8456.552302
1.059817,0.135271,7.844153,0.286902,10037.221916
613204.689422,0.851663,8.247801,0.730610,8511.364079
245595.786814,0.553868,7.909904,0.177837,6376.009823
2239664.584911,0.498710,34.792591,0.408423,8494.575498
513994.526627,0.234275,7.703543,0.269284,4620.781214
13924513.628467,0.909824,8.092721,2.721362,138.684956
321397.728696,0.450298,7.692242,1.230848,4149.634159
4333391.685278,0.558689,7.662950,1.546224,930.143957
1952907.517443,0.795406,12.144436,0.869944,6383.592729
65175.183616,0.681301,18.239212,0.601435,11639.415903
6215975.066509,0.939463,8.221159,0.695757,6470.959428
1317139.847899,0.869491,7.671074,0.726718,3135.879665
1070560.140921,0.505995,8.306486,0.520589,8667.941713
152304.732714,0.522318,8.373189,0.697425,6242.305508
48201.430014,0.632761,10.900705,1.697020,344.515008
8525492.422857,0.333583,8.004318,1.095627,7046.796862
2897717.917965,0.521376,7.751572,0.265720,5888.623530
104070.352872,0.606253,29.189206,0.212007,9861.601023
9020925.657834,0.924007,8.169981,0.419073,6687.310719
489325.043832,0.819382,7.598314,0.453091,2705.759071
668174.962940,0.261226,14.699519,0.900950,9972.111111
48100.648217,0.600635,14.972722,0.594754,6518.278465
1098110.182141,0.156992,13.765348,0.549315,10475.273428
4698261.848753,0.685224,7.783346,0.492520,6169.122102
747765.152109,0.457005,7.860548,0.610562,6575.383002
30606.425326,0.352090,9.268582,0.927481,6766.455772
2.072386,0.000000,7.711411,0.822277,8236.214004
1057346.380377,0.361517,10.263439,0.989776,8821.012540
18476435.271018,0.790842,8.003441,0.239438,3276.909311
2449211.799487,0.941195,15.318555,0.217471,10239.900997
204325.320401,0.056311,8.080149,0.959532,5019.707196
76940.524381,0.133747,16.480190,0.458346,10767.265874
100239.394379,0.797365,17.455901,0.868765,10563.469880
1274756.471469,0.395880,7.579506,0.294226,2701.027764
67363.323073,0.727682,9.930654,0.502063,8282.469411
1468014.232132,0.453900,13.630009,0.972930,9225.382983
1961554.961649,0.879873,13.232574,0.901357,8510.655940
60617.799038,0.349849,17.490509,0.186744,12806.647366
15146151.180605,0.641131,7.767267,0.760778,2219.019937
148533.771570,0.618355,8.332192,0.677209,7824.744546
176249.321842,0.562274,7.552112,1.035124,2046.341594
1768604.676742,0.581537,8.274768,0.759433,5229.460550
351281.687735,0.723455,8.220699,0.801209,7627.249345
2380161.899197,0.859427,7.777307,0.550158,4129.040069
2545359.243751,0.646834,7.639334,0.659916,6581.128923
0.254993,0.000000,20.389951,0.020563,12227.655270
1491161.941122,0.766550,8.147303,1.906321,221.751232
56420.877826,0.252271,7.707465,0.565095,8166.780446
97903.989628,0.301218,8.263263,0.875189,1294.904618
2.063975,0.000000,9.683835,0.856150,9480.613118
515020.795116,0.826555,7.906025,0.160183,7883.520798
8380205.719876,0.738490,7.993191,0.462524,3788.556683
1073448.443951,0.592701,7.644843,0.351909,5944.005266
1136269.223674,0.186577,8.501849,1.174081,6482.165949
450805.927800,0.237906,13.570268,0.422481,1298.710315
60660.405910,0.319791,8.543824,0.298821,6750.582067
1991756.466058,0.270642,7.454496,1.197977,4493.193357
495920.896850,0.645959,7.605322,1.856432,98.607967
2306378.659079,0.798693,11.439025,0.529787,8990.419726
5481592.726479,0.669692,8.165684,0.499497,7907.795880
25482.758332,0.611967,16.937887,0.475058,10819.808620
902398.194455,0.422804,17.473924,0.590344,10751.363992
621722.530010,0.891599,17.996691,0.123108,10669.924007
3803079.839518,0.758078,8.095370,0.934793,2708.496807
4157165.287924,0.688520,7.705759,0.618665,4819.675538
3767336.557820,0.586157,7.957954,1.215495,1270.202343
717238.404678,0.430863,9.484838,0.514195,7774.017012
2713186.250685,0.766591,7.510763,1.107699,5391.857613
165557.415755,0.857698,13.252722,0.458234,9462.184012
4063894.115384,0.628067,8.154727,0.115765,8173.508659
532336.112723,0.619953,7.461794,2.289578,584.735283
298549.833911,0.226921,11.221416,0.894409,7932.028818
3483540.773316,0.548692,14.444638,0.427075,11813.538058
11364882.042239,0.792821,7.890530,0.326731,4573.680455
8903796.273079,0.833081,7.629924,0.487432,6764.892555
2758727.246190,0.431141,8.230829,0.416710,6486.588250
7064986.985328,0.802595,7.474264,0.993250,4682.908418
1471843.880872,0.657626,27.594047,0.795358,10626.610409
130849.333432,0.299106,7.867062,0.371287,8704.754092
1062731.736629,0.571028,7.511381,0.736720,354.466552
8848299.324734,0.836147,8.294242,0.686756,6811.442110
1638313.851250,0.655421,13.216523,1.037197,6344.183102
1606156.116844,0.756802,7.677172,0.091120,1176.921584
79041.215085,0.136525,18.051501,0.204213,10608.934667
6006824.826632,0.632674,7.893257,0.220946,7622.410967
983912.235004,0.729733,7.398385,0.175259,2558.070874
4298952.992597,0.710084,7.928705,1.231074,4246.499008
1849726.047837,0.597164,8.645852,0.453616,7860.300198
685250.949291,0.724571,8.007794,0.300763,5884.131361
4460000.077887,0.925477,7.678094,0.753396,6603.998300
533580.878292,0.736947,7.777280,0.507751,6444.752115
12567683.086705,0.732563,8.147760,0.610734,5025.008516
346774.365073,0.432220,7.900486,0.121013,5358.806247
19164956.043019,0.220888,8.462262,0.791674,323.597077
2576687.461753,0.782415,7.885582,0.436040,455.747521
2225485.058123,0.486001,7.548400,0.787993,5503.578371
1106878.345863,0.484710,8.135697,0.118043,8341.582562
6528898.235001,0.596982,18.628138,0.699429,5907.246481
11607056.788942,0.806538,7.587452,1.321416,2236.580593
6625482.611087,0.733153,8.094240,1.269399,2447.257907
579877.948036,0.351142,12.082713,0.155858,7612.869507
290760.556149,0.493533,12.353819,0.478698,8576.928778
140310.083147,0.291862,7.768245,1.470228,2927.032065
2328447.321010,0.112329,7.878700,0.975827,1992.361725
4135372.854877,0.329363,7.946756,0.276283,6554.144563
3394881.598076,0.611079,8.304717,0.212284,6984.912427
502460.168212,0.520823,8.237473,0.202307,2098.460788
4789702.741825,0.920662,7.411833,0.369284,5397.147111
2333638.484233,0.924123,17.087566,0.442544,8886.591480
104335.378167,0.276678,14.374563,0.702088,10652.353725
2119535.200263,0.880275,15.007208,0.083501,7970.999584
482199.732158,0.463633,7.676128,1.004666,687.790792
4695697.087282,0.956463,7.448947,0.652623,5060.440186
354565.169144,0.728919,7.884120,0.510255,7427.485674
1050786.980343,0.626573,18.496090,0.776920,8845.312361
1518081.141369,0.892103,7.443409,1.076915,3779.004849
9081217.923383,0.771095,7.601801,0.081955,8516.198494
259047.868842,0.644903,7.510597,6.233257,59.690053
1505537.216350,0.489227,7.608659,0.398031,8657.790253
69152.896578,0.636788,17.380043,0.299515,11686.751385
2972279.046962,0.463239,7.843738,0.528464,5408.881366
22230246.709567,0.885840,8.374363,0.686990,6696.904425
388447.531537,0.470362,15.859880,0.716035,11197.962251
17216.255472,0.356469,17.266805,0.856746,10386.395256
2496945.596768,0.821534,7.684057,0.314906,4707.571327
1797919.454116,0.868210,7.351503,0.250020,3351.737235
1183645.325971,0.084449,7.443659,1.077496,5420.011809
451387.450237,0.706292,7.950831,0.844783,6360.740324
0.192253,0.000000,3.459753,0.252398,12175.546297
4497816.358103,0.740368,7.953181,1.009899,1865.674151
690047.139576,0.738997,7.374000,0.390404,7851.843495
150119.143252,0.434498,7.861433,0.208937,1281.802811
2429469.083513,0.668254,8.068783,0.650744,5851.174865
22955077.990514,0.833503,8.235962,0.471868,6381.271947
119701.597760,0.443765,7.514290,0.880553,1898.642108
0.076866,0.000000,3.041444,0.063048,10943.818229
515949.527595,0.671898,8.186609,0.545185,8012.632537
2419255.202518,0.756115,8.148136,1.074200,6900.769864
4542835.866493,0.941456,16.151816,0.352197,6093.328537
45240.148288,0.714372,12.883628,0.146319,6495.926187
12798299.921544,0.465815,7.767366,0.746125,4088.753184
198350.817165,0.591022,12.740070,0.331049,10277.585872
9436983.588218,0.609979,8.227845,0.377362,996.393438
1962000.068982,0.859123,8.143695,1.059520,5928.100070
82661.523034,0.157263,7.982763,2.493635,565.682875
130906.625129,0.843977,16.930875,0.537867,11613.800769
216301.585390,0.621986,8.252423,0.695248,7559.592357
1159170.692480,0.836443,17.995973,3.865380,112.821438
182690.820853,0.425921,7.763534,0.685101,744.714647
274.972927,0.309015,8.711423,4.465438,90.711917
6928466.081128,0.562800,7.459576,0.194945,4549.163046
382571.015062,0.634803,7.387006,0.474505,541.476148
10284073.497369,0.513794,7.964043,0.867909,1467.092975
7947882.917293,0.694064,7.443051,0.838995,4073.151068
67525.449867,0.252114,7.705787,0.625878,5077.831921
639584.746102,0.721703,18.358403,0.410929,7826.196389
109561.852990,0.594501,7.512948,0.814718,7849.696032
2451789.752773,0.490567,7.677485,2.434336,223.198381
3876060.472608,0.735834,8.175674,0.160678,4043.246840
1717566.652361,0.581342,7.939055,0.725755,1418.172277
2198861.863871,0.307701,7.593248,0.228734,4173.609348
9257923.565748,0.254623,7.361250,1.019072,5778.939513
1647764.614914,0.893164,12.393393,0.958144,7638.439743
9544782.955894,0.726492,8.238612,2.409944,503.585745
9954152.665761,0.254625,7.791787,0.838501,3371.676272
9373472.403589,0.775864,8.146040,0.475250,447.192435
224415.538589,0.575670,7.466159,0.464592,7068.816140
143883.567484,0.349082,7.775988,2.017422,524.057397
86449.957647,0.157086,8.026023,0.920290,5175.023671
147992.625704,0.596210,9.140417,0.232251,6052.261060
745046.792383,0.421207,7.445284,1.290923,256.864540
31397.797062,0.802781,17.382809,0.136208,8378.039258
